6011000991397757|09|2029|000
4610460700885353|02|2028|287
4364340001718222|01|2028|591
5363223248345488|02|26|557
4737020033171497|11|2027|180
5194710000474428|01|2031|318
5194710000476266|01|2031|687
4833137781059170|08|2026|630
4833131711143568|10|2029|389
4833138591915346|09|2025|674
4833131719721316|01|2031|264
4833134540997808|06|2034|622
4833134996368215|11|2028|326
4833130703675926|01|2028|127
4833138411843447|03|2026|819
4833133536693637|09|2033|793
4833130691988729|01|2030|533
4833133685937827|10|2032|969
4833132427818451|06|2026|172
4833134455029787|01|2028|676
4833136820927108|11|2030|711
4833137048941731|11|2027|617
4833132799308586|01|2031|646
4833130216285171|11|2029|134
4833132396085140|10|2028|657
5154620024638106|03|2030|256
5154620024805945|10|2030|709
5154620024236380|01|2025|204
5374280107628351|03|2026|561
5374288986942538|07|2029|114
5374289854422850|05|2031|806
5374283245742522|01|2028|387
5374285507962128|09|2026|676
5374285696311830|06|2029|332
5374288536039314|01|2027|812
5374286229426749|01|2032|558
4403938547747994|07|2025|277
4403936529007635|12|2028|173
4403939746560824|07|2029|710
4403931342858355|03|2032|847
4403935841084496|01|2028|503
4403937650722729|03|2030|454
4403934894166623|03|2031|410
4403933869240496|05|2026|281
4403931725408992|03|2027|819
4403938905842882|11|2032|384
4100390194942880|05|2027|296
5254752595370154|10|2029|712
5254753696169842|07|2026|445
5254752492241367|06|2029|893
5254754573137191|03|2033|622
5254757469789389|05|2034|257
5254758195136838|09|2025|599
5254757652321529|06|2028|672
5254755638108804|01|2031|781
5254757480509634|02|2025|844
5254757243822068|03|2025|743
5254757137968563|01|2030|915
5254758610780384|07|2027|904
5254754161534205|05|2031|770
5254756009820639|04|2031|392
5254750001999517|04|2026|364
5254758137826876|09|2025|494
5254751031059595|10|2031|410
4520883014590485|03|2025|045
5183670206663534|09|2027|462
5183670206673534|08|2028|468
4847834591004131|02|2031|717
4847834591073151|02|2027|427
4847834591008942|02|2034|212
4847834591007456|09|2027|618
4847834591070595|11|2033|375
4847834591066270|09|2027|358
4847834591027009|03|2028|941
4847834591012845|08|2025|918
4847834591067682|07|2025|731
4847834591019063|10|2032|552
4847834591042073|04|2032|759
4847834591020095|09|2026|906
4847834591076055|05|2031|412
4847834591067609|09|2026|316
4847834591006359|02|2028|698
4847834591026860|10|2032|677
4847834591004677|10|2027|809
4847834591091609|11|2029|371
5254750066818768|09|27|482
5183670208673534|03|2027|468
4861170014417498|03|2027|213
5471460108805073|08|2029|098
4788920002185212|08|26|516
5380030000852893|08|25|486
4032938046174806|01|28|817
5380030001238209|01|28|551
5374100607211252|10|2026|740
5374100607219974|10|2026|875
5374100607218778|10|2026|588
5374100607218117|10|2026|811
5374100607210726|10|2026|347
5374100607212755|10|2026|613
5374100607217275|10|2026|574
5374100607214124|10|2026|563
5374100607213837|10|2026|953
5374100607217150|10|2026|661
4355460261075856|05|2029|460
4355460261071681|04|2026|871
4355460261071368|09|2026|419
4355460261077308|07|2026|973
4355460261073232|06|2029|598
4355460261071285|02|2027|352
4355460261073836|03|2029|937
4355460261070675|10|2028|882
4355460261078025|05|2027|676
4355460261077415|01|2026|342
4355460261073182|06|2026|615
4355460261075443|08|2028|827
4355460261077662|12|2028|181
4355460261077506|09|2026|899
4355460261072655|11|2028|701
4355460261075104|07|2027|349
4355460261076763|04|2028|715
4355460261077332|07|2027|762
4355460261071160|12|2028|991
4355460261071780|08|2028|382
4355460261076755|06|2026|304
4355460261071327|11|2029|440
4355460261074073|09|2027|165
4355460261073588|08|2027|335
4355460261077258|11|2028|399
4355460261074735|06|2029|505
4355460261076573|04|2029|885
4355460261074826|02|2028|168
4355460261070386|05|2027|787
4355460261076151|10|2028|233
4355460261074073|01|2027|173
4355460261077241|07|2027|928
4355460261070667|10|2028|485
4355460261072333|02|2029|955
4355460261077324|09|2026|321
4355460261078421|02|2029|970
4355460261072226|11|2026|598
4355460261078371|07|2026|134
4355460261077845|06|2026|452
4355460261078603|08|2026|985
4355460261071327|03|2028|912
4355460261073703|07|2029|224
4355460261072648|08|2027|498
4355460261071103|01|2029|672
4355460261078561|12|2029|473
4355460261078348|07|2028|871
4355460261070360|11|2026|178
4355460261076524|10|2027|670
4355460261071434|06|2029|839
4355460261071368|10|2026|963
4355460261077084|03|2026|403
4355460261076664|05|2029|364
4355460261072366|07|2029|914
4355460261075567|11|2027|124
4355460261075484|03|2029|464
4355460261071251|10|2029|905
4355460261075583|09|2028|789
4355460261073117|07|2029|375
4355460261072861|11|2027|509
4355460261074701|08|2026|932
4355460261074750|10|2027|291
4355460261077134|02|2026|784
4355460261074636|07|2028|761
4355460261075070|11|2028|993
4355460261071707|06|2026|343
4355460261075476|06|2026|502
4355460261075666|01|2028|274
4355460261070311|10|2028|344
4355460261078157|05|2027|114
4355460261076177|02|2026|381
4355460261074354|08|2029|705
4355460261075880|04|2029|387
4355460261075542|03|2028|783
4355460261076623|06|2027|721
4355460261075831|06|2027|873
4355460261071434|11|2028|128
4355460261076185|02|2026|241
4355460261074321|11|2028|787
4355460261071715|04|2027|412
4355460261071350|10|2029|463
4355460261078017|03|2027|823
4355460261073877|08|2028|525
4355460261072572|06|2029|917
4355460261073240|04|2029|465
4355460261072002|09|2029|782
4355460261077548|08|2027|169
4355460261071855|06|2027|902
4355460261077548|08|2028|605
4355460261070014|07|2026|737
4355460261076425|05|2027|534
4355460261071848|07|2029|439
4355460261077845|08|2027|618
4355460261073653|11|2029|706
4355460261071277|03|2029|773
4355460261075047|04|2026|998
4355460261077837|09|2026|549
4355460261072481|01|2026|605
4355460261078561|01|2028|534
4355460261076862|01|2028|891
4355460261071350|08|2026|172
4355460261073406|06|2027|129
4355460261078611|12|2029|850
4355460261078140|12|2026|523
4355460261070303|07|2027|651
4355460261072184|10|2027|908
4355460261072333|01|2027|969
4355460261070501|08|2028|435
4355460261074461|06|2029|559
4355460261071053|11|2026|677
4355460261073513|09|2029|767
4355460261074545|09|2027|922
4355460261076748|07|2027|298
4355460261071657|11|2029|335
4355460261077142|08|2027|614
4355460261072564|08|2027|727
4355460261071400|08|2029|684
4355460261074537|04|2027|631
4355460261070287|08|2028|157
4355460261074735|01|2027|133
4355460261077373|07|2029|838
4355460261078611|01|2026|224
4355460261078843|01|2026|967
4355460261071301|07|2027|555
4355460261071145|10|2029|596
4355460261072143|08|2027|659
4355460261071061|01|2027|181
4355460261070782|06|2026|194
4355460261072242|12|2026|878
4355460261071608|03|2027|429
4355460261076078|10|2029|479
4355460261076748|09|2027|879
4355460261077852|01|2026|907
4355460261072648|02|2026|140
4355460261075054|09|2028|828
4355460261077852|12|2026|940
4355460261073737|01|2029|648
4355460261072788|12|2028|497
4355460261076276|09|2027|996
4355460261071871|06|2028|195
4355460261078611|02|2029|331
4355460261073430|04|2028|995
4355460261071061|10|2027|522
4355460261073166|10|2029|615
4355460261071756|04|2026|815
4355460261070410|03|2027|419
4355460261071632|01|2027|161
4355460261078678|06|2029|326
4355460261073208|04|2026|179
4355460261078280|11|2028|531
4355460261072135|06|2028|122
4355460261074644|01|2029|279
4355460261078041|11|2029|721
4355460261076367|10|2026|731
4355460261072036|06|2029|643
4355460261073356|01|2026|819
4355460261072416|05|2029|449
4355460261074065|12|2026|673
4355460261077605|01|2029|764
4355460261075112|02|2026|882
4355460261075765|03|2028|725
4355460261070626|09|2028|713
4355460261071830|05|2027|397
4355460261071228|09|2028|480
4355460261077274|07|2029|650
4355460261078132|08|2026|732
4355460261077746|11|2028|229
4355460261070725|10|2028|398
4355460261070642|10|2027|971
4355460261076862|06|2028|333
4355460261078488|06|2028|598
4355460261073422|06|2029|323
4355460261071210|07|2028|816
4355460261078405|06|2026|930
4355460261073240|03|2029|563
4355460261076151|08|2027|933
4355460261070683|12|2027|931
4355460261074081|05|2026|966
4355460261074461|11|2029|319
4355460261077381|05|2026|532
4355460261072440|06|2028|941
4355460261078322|02|2029|459
4355460261072408|10|2029|258
4355460261075435|06|2029|657
4355460261077001|07|2029|474
4355460261076730|09|2029|583
4355460261075328|03|2029|850
4355460261070055|03|2028|964
4355460261070246|10|2026|209
4355460261071285|09|2028|525
4355460261078140|10|2027|669
4355460261070485|07|2026|442
4355460261078058|11|2028|217
4355460261070352|03|2029|524
4355460261078058|05|2026|358
4355460261073273|01|2029|688
4355460261073141|05|2026|956
4355460261075468|05|2029|314
4355460261070642|02|2027|669
4355460261073455|12|2029|577
4355460261074586|09|2027|516
4355460261070113|07|2028|378
4355460261075203|10|2026|432
4355460261072747|06|2026|412
4355460261078132|08|2029|187
4355460261072705|09|2026|482
4355460261078215|12|2027|577
4355460261073000|06|2029|626
4355460261076128|08|2027|295
4355460261076078|12|2028|370
4355460261070741|09|2029|318
4355460261074016|09|2028|708
4355460261076433|12|2029|671
4355460261078405|08|2029|690
4355460261070576|05|2029|887
4355460261075773|08|2028|238
4355460261076144|11|2029|959
4355460261078686|01|2026|626
4355460261071665|06|2026|725
4355460261074412|10|2026|518
4355460261076581|11|2028|137
4355460261073083|08|2026|578
4355460261071335|12|2027|701
4355460261073760|12|2027|130
4355460261072085|09|2029|299
4355460261072358|03|2026|941
4355460261074800|06|2026|423
4355460261072127|01|2029|868
4355460261073372|11|2027|401
4355460261071467|07|2028|136
4355460261070311|04|2028|955
4355460261071731|08|2029|429
4355460261071525|12|2027|581
4355460261076862|06|2029|721
4355460261076755|04|2027|248
4355460261077282|05|2029|412
4355460261076755|06|2028|407
4355460261078132|08|2029|858
4355460261071343|10|2029|512
4355460261070816|06|2026|871
4355460261070204|03|2028|138
4355460261072713|05|2029|164
4355460261072150|10|2027|811
4355460261070311|11|2026|150
4355460261078223|12|2027|977
4355460261071525|04|2026|641
4355460261077373|06|2029|904
4355460261076011|05|2028|864
4355460261071806|12|2026|978
4355460261076037|04|2027|768
4355460261078660|10|2029|332
4355460261072507|11|2029|249
4355460261075823|11|2029|477
4355460261074313|07|2027|903
4355460261077183|01|2029|461
4355460261073612|04|2028|627
4355460261071566|01|2027|358
4355460261078231|06|2026|874
4355460261078223|08|2028|587
4355460261070055|05|2029|897
4355460261075658|05|2026|118
4355460261073810|06|2027|396
4355460261071178|11|2027|787
4355460261078561|03|2029|598
4355460261076037|02|2027|463
4355460261074834|06|2028|428
4355460261073745|05|2027|950
4355460261070055|07|2028|745
4355460261073224|10|2029|653
4355460261077647|11|2028|655
4355460261070246|10|2029|112
4355460261072853|06|2026|742
4355460261073224|05|2028|177
4355460261072317|06|2027|850
4355460261078355|08|2027|151
4355460261073174|07|2026|234
4355460261071202|05|2028|633
4355460261072382|07|2026|978
4355460261075633|03|2026|670
4355460261077878|10|2029|487
4355460261073547|03|2028|636
4355460261078827|08|2027|581
4355460261075518|04|2027|116
4355460261073661|11|2027|733
4355460261072036|04|2028|595
4355460261077357|01|2027|272
4355460261074446|10|2026|567
4355460261075161|09|2028|409
4355460261074255|12|2028|700
4355460261072358|06|2029|121
4355460261071384|06|2029|580
4355460261070147|04|2028|472
4355460261077480|02|2028|749
4355460261074560|01|2027|367
4355460261071285|11|2029|569
4355460261072523|01|2026|614
4355460261070626|03|2029|207
4355460261070311|04|2028|697
4355460261074305|07|2027|892
4355460261072283|12|2029|286
4355460261074784|07|2029|899
4355460261078660|04|2026|192
4355460261076011|02|2028|694
4355460261078256|06|2028|506
4355460261077241|06|2026|338
4355460261075518|01|2026|913
4355460261073638|12|2027|557
4355460261076433|04|2026|804
4355460261071517|11|2027|756
4355460261071848|11|2026|874
4355460261074180|07|2026|553
4355460261070436|11|2029|113
4355460261078686|01|2029|855
4355460261074313|03|2026|892
4355460261074453|02|2028|802
4355460261073042|02|2027|857
4355460261076342|02|2028|547
4355460261078801|10|2029|269
4355460261071202|09|2028|819
4355460261077878|02|2029|517
4355460261075674|10|2028|633
4355460261073174|03|2028|141
4355460261073232|09|2029|118
4355460261077266|03|2027|380
4355460261072747|01|2029|144
4355460261077852|09|2028|813
4355460261075302|04|2028|265
4355460261074057|10|2026|435
4355460261072531|08|2026|776
4355460261077175|10|2027|938
4355460261073885|10|2028|325
4355460261074271|12|2026|548
4355460261076813|07|2026|147
4355460261070782|04|2028|916
4355460261077035|04|2028|465
4355460261075757|07|2027|597
4355460261075864|06|2026|870
4355460261073166|03|2029|722
4355460261071061|03|2028|665
4355460261078314|07|2029|925
4355460261075773|03|2026|997
4355460261070287|06|2027|479
4355460261078470|11|2027|934
4355460261070246|01|2027|161
4355460261073414|10|2029|707
4355460261078181|03|2027|136
4355460261074313|06|2027|446
4355460261077506|10|2027|577
4355460261073521|09|2026|204
4355460261078132|01|2026|405
4355460261074602|09|2026|649
4355460261073422|03|2027|389
4355460261076227|06|2027|653
4355460261076110|09|2027|865
4355460261077316|07|2029|414
4355460261075757|11|2028|738
4355460261074743|12|2029|875
4355460261074685|10|2029|273
4355460261076854|08|2027|465
4355460261071764|10|2027|163
4355460261074024|09|2027|325
4355460261070345|11|2027|379
4355460261072804|12|2028|625
4355460261075328|07|2028|256
4355460261075716|08|2028|306
4355460261072333|05|2026|384
4355460261073760|01|2027|350
4355460261074446|04|2028|783
4355460261078066|06|2028|396
4355460261078405|12|2029|990
4355460261074230|11|2027|700
4355460261075617|02|2028|125
4355460261075328|07|2027|477
4355460261070535|11|2029|466
4355460261074461|03|2027|905
4355460261077506|06|2026|969
4355460261070287|10|2029|537
4355460261074412|01|2029|717
4355460261077423|04|2027|173
4355460261078710|12|2027|568
4355460261077845|11|2026|886
4355460261078256|11|2026|299
4355460261078165|09|2026|967
4355460261072853|11|2026|876
4355460261075625|03|2028|192
4355460261073323|07|2027|963
4355460261074537|08|2026|288
4355460261074131|06|2027|626
4355460261074636|01|2029|977
4355460261070261|06|2027|732
4355460261077308|06|2027|265
4355460261071731|10|2027|714
4355460261072523|12|2028|610
4355460261074461|05|2027|469
4355460261074016|04|2026|154
4355460261072366|06|2026|806
4355460261071582|03|2026|579
4355460261075732|01|2026|362
4355460261070360|07|2029|484
4355460261070006|12|2029|744
4355460261073844|12|2027|151
4355460261072143|05|2027|552
4355460261078587|02|2026|649
4355460261078108|09|2029|768
4355460261077167|07|2026|144
4355460261070253|10|2026|189
4355460261076458|04|2029|328
4355460261070444|01|2027|829
4355460261070337|10|2029|291
4355460261075062|09|2026|643
4355460261077381|08|2027|155
4355460261072648|05|2027|766
4355460261074123|03|2027|634
4355460261070808|08|2026|566
4355460261075328|01|2028|781
4355460261074743|05|2029|115
4355460261074040|06|2028|312
4355460261072622|08|2028|403
4355460261074701|08|2026|713
4355460261077845|11|2026|465
4355460261073026|02|2027|632
4355460261076573|06|2026|658
4355460261070006|04|2026|971
4355460261073216|04|2029|649
4355460261071442|12|2026|372
4355460261078785|03|2027|897
4355460261073570|08|2028|920
4355460261078215|05|2029|817
4355460261078827|07|2028|293
4355460261074230|12|2026|720
4355460261076847|09|2029|705
4355460261073612|10|2028|714
4355460261074131|02|2028|258
4355460261077340|01|2029|905
4355460261072317|11|2027|570
4355460261074016|04|2027|823
4355460261077654|06|2028|300
4355460261077720|10|2029|137
4355460261070113|10|2027|516
4355460261072218|09|2029|291
4355460261078025|08|2026|883
4355460261078280|02|2026|933
4355460261078280|08|2027|648
4355460261074370|03|2029|131
4355460261074222|08|2028|614
4355460261076482|06|2026|921
4355460261072721|07|2027|597
4355460261072671|02|2027|990
4355460261077027|02|2029|668
4355460261074057|06|2029|267
4355460261071673|10|2026|746
4355460261077456|04|2029|393
4355460261072283|05|2027|851
4355460261071418|05|2026|441
4355460261076854|07|2028|377
4355460261078041|12|2026|802
4355460261076086|12|2029|767
4355460261074115|08|2029|893
4355460261073414|06|2027|889
4355460261071335|11|2027|227
4355460261076482|05|2029|959
4355460261075708|07|2026|144
4355460261078710|10|2027|322
4355460261077332|02|2027|864
4355460261078850|12|2026|798
4355460261076037|04|2029|503
4355460261075872|01|2026|976
4355460261070006|03|2027|976
4355460261073281|09|2028|893
4355460261072804|03|2029|819
4355460261072275|04|2028|751
4355460261072044|06|2028|166
4355460261070535|08|2028|553
4355460261078314|06|2026|649
4355460261072721|02|2026|265
4355460261071343|10|2028|507
4355460261078827|12|2027|849
4355460261078322|12|2028|510
4355460261074628|09|2029|585
4355460261076367|03|2026|443
4355460261075047|07|2026|334
4355460261078322|06|2028|465
4355460261073034|03|2029|576
4355460261073877|01|2028|515
4355460261075708|08|2026|927
4355460261073034|07|2026|384
4355460261073158|02|2027|650
4355460261071301|11|2026|398
4355460261070246|04|2028|778
4355460261071715|06|2028|748
4355460261077415|01|2028|988
4355460261072580|11|2029|502
4355460261071806|04|2027|662
4355460261077563|05|2028|828
4355460261074180|07|2028|890
4355460261073331|08|2027|734
4355460261075518|02|2027|182
4355460261070121|10|2027|851
4355460261073125|12|2026|917
4355460261071517|09|2028|289
4355460261074248|04|2028|408
4355460261072507|03|2028|830
4355460261072226|11|2027|635
4355460261076102|10|2029|189
4355460261074701|04|2027|521
4355460261077464|08|2027|130
4355460261076466|04|2027|716
4355460261072887|04|2027|341
4355460261074156|10|2026|441
4355460261075245|11|2028|281
4355460261078561|05|2029|602
4355460261077704|06|2027|599
4355460261078256|04|2026|235
4355460261071400|01|2029|574
4355460261074628|02|2027|575
4355460261076458|04|2027|818
4355460261075641|10|2028|356
4355460261077027|04|2028|141
4355460261071657|11|2029|176
4355460261072127|04|2029|759
4355460261070410|02|2029|682
4355460261076805|09|2026|445
4355460261077563|05|2026|333
4355460261078785|04|2028|616
4355460261074842|02|2027|822
4355460261072408|11|2026|935
4355460261072382|05|2029|730
4355460261070725|11|2029|146
4355460261074735|02|2027|927
4355460261077175|08|2027|464
4355460261071004|12|2027|742
4355460261073778|12|2027|720
4355460261077100|04|2026|949
4355460261078835|10|2027|636
4355460261071764|08|2027|239
4355460261075625|03|2028|151
4355460261077316|11|2027|507
4355460261078637|06|2026|846
4355460261072507|11|2028|534
4355460261077381|06|2026|569
4355460261076672|12|2026|476
4355460261074685|12|2026|505
4355460261074255|07|2027|711
4355460261077100|07|2029|173
4355460261070584|03|2026|594
4355460261070527|12|2027|112
4355460261072465|10|2026|678
4355460261070311|05|2027|142
4355460261075203|03|2027|318
4355460261076516|12|2026|857
4355460261073828|06|2027|335
4355460261071665|12|2029|994
4355460261074677|11|2028|489
4355460261072028|05|2026|375
4355460261074677|10|2026|477
4355460261076631|07|2029|329
4355460261077308|09|2028|629
4355460261071657|01|2028|885
4355460261075542|02|2028|599
4355460261071020|06|2028|293
4355460261073828|03|2027|652
4355460261078306|12|2026|184
4355460261076334|03|2026|590
4355460261073166|07|2026|200
4355460261071772|07|2026|707
4355460261075161|11|2028|777
4355460261073760|12|2029|567
4355460261070873|07|2029|967
4355460261074545|11|2028|691
4355460261071657|12|2028|567
4355460261074313|03|2029|573
4355460261074156|06|2026|139
4355460261073885|07|2027|434
4355460261072127|06|2028|238
4355460261072028|06|2027|140
4355460261071061|01|2029|608
4355460261072242|03|2029|840
4355460261075740|04|2026|291
4355460261073653|11|2029|483
4355460261074776|10|2026|778
4355460261070675|06|2028|617
4355460261076680|11|2028|617
4355460261073273|10|2028|790
4355460261074610|10|2027|661
4355460261070014|09|2027|617
4355460261075773|09|2026|283
4355460261078645|10|2028|216
4355460261077738|06|2026|542
4355460261075062|04|2029|640
4355460261073737|12|2027|204
4355460261074867|04|2028|841
4355460261078413|02|2026|632
4355460261074263|09|2029|794
4355460261076714|03|2029|475
4355460261074248|05|2029|556
4355460261078827|04|2029|799
4355460261070584|05|2028|264
4355460261073711|08|2027|424
4355460261078876|01|2029|252
4355460261073141|10|2027|283
4355460261076771|09|2029|411
4355460261072333|08|2026|408
4355460261074321|07|2027|419
4355460261071525|02|2028|201
4355460261075641|01|2027|324
4355460261071558|03|2026|378
4355460261075351|04|2028|821
4355460261074305|10|2028|746
4355460261073786|12|2028|671
4355460261075336|06|2028|206
4355460261075377|08|2026|634
4355460261070667|05|2026|558
4355460261074156|07|2027|438
4355460261070352|01|2026|511
4355460261071632|04|2028|915
4355460261073562|06|2029|332
4355460261072580|01|2028|655
4355460261075344|10|2029|472
4355460261071160|05|2027|429
4355460261078223|11|2029|460
4355460261077373|11|2028|966
4355460261072085|12|2027|582
4355460261074818|03|2026|243
4355460261075872|05|2028|631
4355460261070121|07|2026|221
4355460261071574|12|2027|842
4355460261076664|10|2028|362
4355460261071012|10|2029|423
4355460261077332|02|2026|720
4355460261071624|12|2026|256
4355460261078256|04|2027|631
4355460261075872|05|2029|156
4355460261073885|12|2028|419
4355460261073307|07|2029|557
4355460261074065|10|2028|273
4355460261076466|04|2028|399
4355460261078322|03|2026|682
4355460261074503|03|2027|956
4355460261072424|02|2029|965
4355460261070527|09|2026|449
4355460261077068|10|2028|780
4355460261077076|07|2029|133
4355460261070527|10|2028|948
4355460261073653|08|2027|730
4355460261075005|05|2027|264
4355460261070311|01|2027|562
4355460261075302|04|2028|411
4355460261076003|12|2027|957
4355460261076714|05|2029|706
4355460261076482|06|2026|646
4355460261076268|10|2027|937
4355460261078405|09|2029|928
4355460261076755|09|2026|909
4355460261076433|03|2029|190
4355460261074537|11|2029|765
4355460261070717|10|2029|328
4355460261075625|10|2029|142
4355460261073570|11|2028|571
4355460261078314|03|2029|249
4355460261076706|03|2026|879
4355460261078850|08|2028|468
4355460261074214|11|2026|392
4355460261071624|03|2027|985
4355460261070402|05|2028|780
4355460261071244|05|2027|408
4355460261077837|07|2028|158
4355460261076748|04|2026|849
4355460261076417|01|2026|389
4355460261078082|01|2028|661
4355460261070758|01|2028|544
4355460261077183|02|2027|461
4355460261077845|05|2029|568
4355460261072325|08|2029|338
4355460261075708|07|2026|918
4355460261071236|05|2027|639
4355460261074321|07|2028|523
4355460261076557|12|2026|302
4355460261073042|12|2028|991
4355460261072101|02|2026|275
4355460261070477|03|2028|959
4355460261072002|06|2026|453
4355460261077837|02|2027|281
4355460261075005|05|2027|173
4355460261072838|03|2028|590
4355460261078868|05|2029|660
4355460261077308|09|2027|140
4355460261074743|09|2029|599
4355460261075641|06|2027|404
4355460261078348|10|2029|268
4355460261077316|10|2028|329
4355460261076862|09|2026|482
4355460261078678|10|2028|114
4355460261073604|04|2026|754
4355460261075658|05|2029|238
4355460261073877|03|2026|197
4355460261070014|06|2026|837
4355460261078215|02|2028|799
4355460261077506|01|2028|935
4355460261078835|09|2029|555
4355460261071103|10|2026|158
4355460261075161|11|2027|653
4355460261074602|01|2027|183
4355460261075146|06|2028|844
4355460261073802|03|2028|677
4355460261077803|08|2026|398
4355460261077837|06|2026|623
4355460261072358|06|2028|680
4355460261070378|04|2028|164
4355460261075484|04|2027|125
4355460261070501|11|2029|136
4355460261078330|05|2027|663
4355460261076300|10|2028|631
4355460261077670|10|2028|505
4355460261077316|12|2028|180
4355460261075666|08|2028|965
4355460261074628|01|2026|135
4355460261078140|03|2026|726
4355460261070485|03|2026|727
4355460261078140|03|2027|503
4355460261077548|07|2026|160
4355460261077100|10|2029|872
4355460261074131|12|2027|927
4355460261077837|01|2029|785
4355460261072424|02|2026|601
4355460261072754|04|2028|689
4355460261072341|09|2028|131
4355460261077373|06|2026|142
4355460261078330|03|2026|501
4355460261073885|12|2028|562
4355460261078348|05|2029|395
4355460261077381|02|2029|779
4355460261073836|06|2029|734
4355460261078546|10|2029|434
4355460261074412|07|2028|302
4355460261071582|02|2029|565
4355460261078165|04|2029|244
4355460261078256|07|2028|347
4355460261074248|08|2026|544
4355460261075468|06|2027|416
4355460261078033|07|2029|900
4355460261073356|10|2029|530
4355460261078074|04|2029|649
4355460261072705|04|2028|843
4355460261071764|02|2028|315
4355460261072838|12|2028|490
4355460261073646|08|2029|261
4355460261077043|10|2028|620
4355460261076508|01|2029|365
4355460261071624|05|2027|509
4355460261072887|04|2027|494
4355460261075674|04|2028|379
4355460261078140|12|2028|434
4355460261074255|03|2028|213
4355460261074537|08|2027|129
4355460261077886|06|2028|653
4355460261073315|07|2029|612
4355460261075765|03|2029|922
4355460261071822|03|2026|980
4355460261073307|03|2029|805
4355460261078488|08|2027|371
4355460261071178|11|2026|535
4355460261073000|03|2029|811
4355460261078108|04|2026|691
4355460261073851|07|2027|969
4355460261072028|08|2027|788
4355460261076201|10|2026|760
4355460261076482|10|2026|717
4355460261071251|12|2026|886
4355460261078348|09|2029|756
4355460261076862|03|2026|991
4355460261070113|06|2026|790
4355460261071657|11|2026|645
4355460261078736|07|2029|906
4355460261070212|06|2027|264
4355460261077571|12|2027|232
4355460261072200|04|2026|615
4355460261074065|08|2026|906
4355460261074628|09|2029|722
4355460261073786|07|2027|926
4355460261072051|08|2028|470
4355460261078348|12|2027|948
4355460261070022|10|2029|998
4355460261073166|03|2027|476
4355460261076565|01|2029|230
4355460261072275|08|2026|720
4355460261078413|10|2026|146
4355460261077753|11|2029|362
4355460261075385|08|2029|314
4355460261074040|06|2028|467
4355460261073513|02|2029|481
4355460261076383|09|2026|180
4355460261073828|02|2026|343
4355460261072267|10|2026|925
4355460261070220|08|2028|612
4355460261076375|03|2026|920
4355460261077043|12|2027|754
4355460261073166|02|2029|493
4355460261070162|06|2027|736
4355460261075831|04|2028|609
4355460261077530|08|2026|188
4355460261076425|12|2027|583
4355460261077324|07|2027|568
4355460261075237|05|2029|573
4355460261077001|05|2027|251
4355460261077647|09|2026|572
4355460261071574|03|2027|525
4355460261073877|07|2028|832
4355460261074073|05|2027|923
4355460261075351|07|2027|800
4355460261071665|04|2028|600
4355460261074347|05|2029|280
4355460261073406|06|2027|303
4355460261077530|01|2028|472
4355460261074560|11|2028|740
4355460261074412|11|2029|490
4355460261075831|04|2027|471
4355460261070816|12|2028|288
4355460261070527|02|2028|712
4355460261070261|07|2028|572
4355460261071731|05|2027|904
4355460261078561|06|2027|599
4355460261076565|12|2027|692
4355460261071020|01|2027|385
4355460261071004|12|2026|871
4355460261078660|09|2027|964
4355460261071731|12|2027|593
4355460261072275|01|2029|672
4355460261077571|07|2028|368
4355460261078520|04|2028|403
4355460261075765|05|2029|504
4355460261071830|01|2027|598
4355460261076383|03|2027|887
4355460261076334|12|2028|253
4355460261073364|12|2028|617
4355460261071111|12|2026|458
4355460261074222|05|2026|852
4355460261075278|09|2029|454
4355460261077514|07|2028|794
4355460261072721|11|2027|601
4355460261076003|06|2027|178
4355460261072341|09|2027|940
4355460261078835|07|2026|516
4355460261075187|03|2026|453
4355460261073158|04|2029|661
4355460261074222|03|2029|333
4355460261078603|05|2028|135
4355460261076813|11|2028|618
4355460261077456|08|2027|977
4355460261076151|09|2027|290
4355460261070071|10|2027|494
4355460261073331|09|2028|409
4355460261072747|05|2026|115
4355460261077340|08|2028|783
4355460261070857|02|2027|554
4355460261076607|09|2028|590
4355460261076748|03|2027|313
4355460261075815|11|2028|922
4355460261073273|11|2026|434
4355460261075435|07|2029|317
4355460261074537|06|2028|336
4355460261074545|12|2028|951
4355460261077076|12|2027|252
4355460261078587|05|2027|684
4355460261074461|01|2026|459
4355460261078728|05|2027|625
4355460261074404|05|2027|792
4355460261077720|07|2029|931
4355460261076235|05|2028|780
4355460261072887|09|2029|492
4355460261072432|07|2026|582
4355460261077225|11|2029|834
4355460261073562|04|2029|640
4355460261077621|06|2028|179
4355460261073216|07|2029|823
4355460261076300|09|2029|512
4355460261071202|03|2029|377
4355460261073547|06|2027|407
4355460261075203|01|2028|176
4355460261075567|10|2029|942
4355460261072242|09|2026|154
4355460261074743|11|2026|835
4355460261078785|12|2028|466
4355460261070170|05|2028|941
4355460261071780|10|2029|898
4355460261070733|06|2026|688
4355460261071350|06|2029|149
4355460261071756|02|2029|573
4355460261072382|12|2027|416
4355460261073570|03|2029|522
4355460261070717|06|2028|249
4355460261074230|01|2026|215
4355460261077563|08|2028|171
4355460261078058|12|2026|841
4355460261072317|04|2027|201
4355460261070550|02|2028|704
4355460261071640|08|2029|216
4355460261071608|12|2029|830
4355460261077084|03|2029|866
4355460261074651|11|2029|955
4355460261070378|02|2028|840
4355460261074834|08|2028|929
4355460261071426|03|2027|763
4355460261075054|07|2027|264
4355460261078231|09|2029|397
4355460261074610|08|2029|672
4355460261072812|05|2029|602
4355460261072622|09|2027|329
4355460261077480|10|2027|261
4355460261075732|12|2026|493
4355460261075005|05|2028|173
4355460261077654|08|2029|744
4355460261076508|09|2028|362
4355460261072382|02|2028|939
4355460261077217|05|2026|534
4355460261078546|05|2027|498
4355460261070311|07|2028|583
4355460261074685|12|2028|488
4355460261073307|03|2028|302
4355460261077688|02|2026|326
4355460261071277|09|2028|899
4355460261075138|03|2027|680
4355460261074784|06|2028|628
4355460261074057|01|2026|227
4355460261075542|07|2027|373
4355460261071277|06|2026|711
4355460261071186|04|2029|175
4355460261071152|12|2026|995
4355460261077001|07|2028|644
4355460261075641|12|2028|646
4355460261078025|08|2027|610
4355460261076524|12|2028|676
4355460261072812|07|2028|552
4355460261074776|10|2027|306
4355460261071053|09|2027|244
4355460261072838|05|2029|189
4355460261076730|12|2028|345
4355460261073646|06|2026|225
4355460261072077|06|2026|210
4355460261072325|01|2027|733
4355460261075401|12|2029|223
4355460261077738|12|2028|771
4355460261070220|10|2029|218
4355460261070584|04|2027|355
4355460261073000|02|2029|915
4355460261077415|09|2029|557
4355460261076144|09|2026|914
4355460261076748|02|2028|472
4355460261077241|09|2029|120
4355460261076458|03|2029|686
4355460261072382|03|2029|198
4355460261076367|02|2029|183
4355460261073018|03|2028|373
4355460261073067|02|2029|554
4355460261077324|05|2029|598
4355460261078702|01|2028|522
4355460261073844|03|2029|718
4355460261074834|05|2028|624
4355460261075518|03|2029|391
4355460261074032|08|2029|481
4355460261072838|10|2027|405
4355460261071368|08|2027|604
4355460261071236|03|2028|590
4355460261078322|07|2029|367
4355460261078504|05|2026|984
4355460261071608|06|2026|592
4355460261077050|04|2027|765
4355460261075476|06|2027|436
4355460261071574|02|2028|175
4355460261071442|07|2027|899
4355460261074818|02|2028|949
4355460261072770|04|2026|448
4355460261073802|03|2026|777
4355460261074008|01|2029|301
4355460261071178|01|2027|244
4355460261074180|11|2028|954
4355460261076581|03|2029|453
4355460261070311|09|2029|478
4355460261074610|08|2028|667
4355460261075682|08|2029|448
4355460261070360|09|2026|285
4355460261074578|03|2026|878
4355460261078512|06|2029|404
4355460261071111|07|2029|330
4355460261076227|04|2026|585
4355460261074230|09|2028|341
4355460261075567|03|2029|561
4355460261074842|11|2029|301
4355460261077407|03|2029|795
4355460261072218|05|2027|707
4355460261075278|12|2028|142
4355460261071731|08|2029|215
4355460261070568|09|2026|644
4355460261078181|02|2029|374
4355460261077183|04|2027|593
4355460261070345|07|2029|726
4355460261075658|02|2026|489
4355460261077860|10|2026|295
4355460261071335|12|2027|527
4355460261070311|08|2027|895
4355460261070568|08|2029|952
4355460261076508|05|2029|953
